<?xml version="1.0" encoding="UTF-8"?>
<map version="1.0" tiledversion="1.1.1" orientation="orthogonal" renderorder="right-down" width="64" height="64" tilewidth="16" tileheight="16" infinite="0" nextobjectid="1">
 <tileset firstgid="1" name="TEST" tilewidth="16" tileheight="16" tilecount="224" columns="16">
  <image source="Introduction_to_JS/bettertileset.png" width="256" height="224"/>
 </tileset>
 <tileset firstgid="225" name="tileseet" tilewidth="16" tileheight="16" tilecount="224" columns="16">
  <image source="Introduction_to_JS/bettertileset.png" width="256" height="224"/>
 </tileset>
 <layer name="Calque de Tile 1" width="64" height="64">
  <data encoding="csv">
0,0,0,0,0,0,0,0,0,0,0,0,0,0,0,0,0,0,0,0,0,0,0,0,0,0,0,0,0,0,0,0,0,0,0,0,0,0,0,0,0,0,0,0,0,0,0,0,0,0,0,0,0,0,0,0,0,0,0,0,0,0,0,0,
0,0,0,0,0,0,0,0,0,0,0,0,0,0,0,0,0,0,0,0,0,0,0,0,0,0,0,0,0,0,0,0,0,49,22,22,22,22,22,22,22,22,22,22,22,22,22,22,22,22,22,22,22,22,22,22,22,101,88,88,103,0,0,0,
39,39,39,39,39,39,39,39,39,39,39,39,39,39,39,39,39,39,39,39,39,39,39,39,39,39,39,39,39,39,39,39,39,19,5,5,5,5,5,5,5,5,5,5,5,5,5,5,5,5,5,5,5,5,5,5,5,85,24,8,86,39,0,0,
39,39,39,39,39,39,39,39,39,39,39,39,39,39,39,39,39,39,39,39,39,39,39,39,39,39,39,39,39,39,39,39,39,19,5,8,8,8,24,7,5,5,5,5,5,5,5,5,5,5,5,5,5,5,5,5,5,102,87,87,104,39,0,0,
39,39,39,39,39,39,39,39,39,39,39,39,39,39,39,39,39,39,39,39,39,39,39,39,39,39,39,39,39,39,39,39,39,19,5,24,24,8,24,7,5,5,5,5,5,5,5,5,5,5,5,5,5,5,5,5,5,5,5,5,20,39,0,0,
39,39,39,39,39,39,39,39,39,39,39,39,39,39,39,39,39,39,39,39,39,39,39,39,39,39,39,39,39,39,39,39,39,19,5,8,7,8,7,7,5,5,5,5,5,5,5,5,5,5,5,5,5,5,5,5,5,5,5,5,20,39,0,0,
39,39,39,39,39,39,39,39,39,39,39,39,39,39,39,39,39,39,39,39,39,39,39,39,39,39,39,39,39,39,39,39,39,19,5,8,7,7,7,5,5,5,5,5,5,5,8,5,5,5,5,5,5,5,5,5,5,5,5,5,20,39,0,0,
39,39,39,39,39,39,39,39,39,39,39,39,39,39,39,39,39,39,39,39,39,39,39,39,39,39,39,39,39,39,39,39,39,19,5,5,5,5,5,5,5,5,5,5,5,5,8,5,5,5,5,5,5,5,5,5,5,5,5,5,20,39,0,0,
39,39,39,39,39,39,39,39,39,39,39,39,39,39,39,39,39,39,39,39,39,39,39,39,39,39,39,39,39,39,39,39,39,19,5,5,5,5,5,5,5,5,5,5,5,5,8,5,5,5,5,5,5,5,5,5,5,5,5,5,20,39,39,39,
39,39,39,39,39,39,39,39,39,39,39,39,39,39,39,39,39,39,39,39,39,39,39,39,39,39,39,39,39,39,39,39,39,19,5,5,5,5,5,5,5,5,5,5,5,5,24,7,5,5,5,5,5,5,5,5,7,5,5,5,20,39,39,39,
39,39,39,39,39,39,39,39,39,39,39,39,39,39,39,39,39,39,39,39,39,39,39,39,39,39,39,39,39,39,39,39,39,19,5,5,5,5,5,5,5,5,5,5,5,5,24,7,5,5,5,5,5,5,5,8,7,5,5,5,20,39,39,39,
39,39,39,39,39,39,39,39,39,39,39,39,39,39,39,39,39,39,39,39,39,39,39,39,39,39,39,39,39,39,39,39,39,19,5,5,5,5,5,5,5,5,5,5,5,5,7,5,5,5,5,5,5,5,7,24,8,5,5,5,20,39,39,39,
0,0,0,0,0,0,0,0,0,0,0,0,0,0,0,0,0,0,0,0,0,0,0,0,0,0,0,0,0,0,0,0,0,19,5,5,5,5,5,5,5,5,5,5,5,5,5,5,5,5,5,5,5,5,7,24,8,8,5,5,20,39,39,39,
0,0,0,0,0,0,0,0,0,0,0,0,0,0,0,0,0,0,0,0,0,0,0,0,0,0,0,0,0,0,0,0,0,19,5,5,5,5,5,5,5,5,5,5,5,5,5,5,5,5,5,5,5,5,5,5,5,5,5,5,20,39,39,39,
0,0,0,0,0,0,0,0,0,0,0,0,0,0,0,0,0,0,0,0,0,0,0,0,0,0,0,0,0,0,0,0,0,51,21,21,21,21,21,21,69,5,5,71,21,21,21,21,21,21,21,21,21,21,21,21,21,21,21,21,55,39,39,39,
0,0,0,0,0,0,0,0,0,0,0,0,0,0,0,0,0,0,0,0,0,0,0,0,0,0,0,0,0,0,0,0,0,0,0,0,0,0,0,0,81,7,7,82,40,40,40,39,39,39,39,39,39,39,39,39,39,39,39,39,39,39,39,39,
0,0,0,0,0,0,0,0,0,0,0,0,0,0,0,0,0,0,0,0,0,0,0,0,0,0,0,0,0,0,0,0,0,0,0,0,0,0,0,0,81,7,7,82,40,40,40,0,0,0,0,0,0,0,0,0,0,0,39,39,0,0,0,0,
0,0,0,0,0,0,0,0,0,0,0,0,0,0,0,49,22,22,22,22,22,22,22,22,22,22,22,22,22,22,22,22,22,22,22,22,22,22,22,22,65,5,5,67,22,22,22,22,53,0,0,0,0,0,0,0,0,0,39,39,0,0,0,0,
0,0,0,0,0,0,0,0,0,0,0,0,0,0,0,19,5,5,5,5,5,5,5,5,5,5,5,5,5,5,5,5,5,5,5,5,5,5,5,5,5,5,5,5,5,5,5,5,20,0,0,0,0,0,0,0,0,0,39,39,0,0,0,0,
0,0,0,0,0,0,0,0,0,0,0,0,0,0,0,19,5,8,8,24,5,5,5,5,5,5,5,5,5,5,5,5,5,5,5,5,5,5,5,5,5,5,5,7,7,7,7,5,20,0,0,0,0,0,0,0,0,0,39,39,0,0,0,0,
0,0,0,0,0,0,0,0,0,0,0,0,0,0,0,19,5,24,24,7,5,5,5,5,5,5,5,5,5,5,5,5,5,5,5,5,5,5,5,5,5,5,5,7,8,8,7,5,20,0,0,0,0,0,0,0,0,0,39,39,0,0,0,0,
0,0,0,0,0,0,0,0,0,0,0,0,0,0,0,19,5,8,8,7,5,5,5,5,5,5,5,5,5,5,5,5,5,5,5,5,5,5,5,5,5,5,5,7,8,24,24,5,20,0,0,0,0,0,0,0,0,0,39,39,0,0,0,0,
0,0,0,0,0,0,0,0,0,0,0,0,0,0,0,19,5,7,7,5,5,5,5,5,5,5,5,5,5,5,5,5,5,5,5,5,5,5,5,5,5,5,5,7,7,7,7,5,20,0,0,0,0,0,0,0,0,0,39,39,0,0,0,0,
0,0,0,0,0,0,0,0,0,0,0,0,0,0,0,19,5,7,5,5,5,5,5,5,5,5,5,5,5,5,5,5,5,5,5,5,5,5,5,5,5,5,5,5,5,5,5,5,20,0,0,0,0,0,0,0,0,0,39,39,0,0,0,0,
0,0,0,0,0,0,0,0,0,0,0,0,0,0,0,19,5,5,5,5,5,5,5,5,5,5,5,5,5,5,5,5,5,5,5,5,5,5,5,5,5,5,5,5,5,5,5,5,20,0,0,0,50,38,38,38,38,38,38,38,38,54,0,0,
0,0,0,0,0,0,0,0,0,0,0,0,0,0,0,19,5,5,5,5,5,5,5,5,50,38,38,38,38,38,38,38,38,38,38,38,38,38,38,54,5,5,5,5,5,5,5,5,20,0,0,0,35,6,6,6,6,6,6,6,6,36,0,0,
0,0,0,0,0,0,0,0,0,0,0,0,0,0,0,19,5,5,5,5,5,5,5,5,35,6,6,6,6,6,6,6,6,6,6,6,6,6,6,36,5,5,5,5,5,5,5,5,20,0,0,0,35,6,24,24,24,7,6,6,6,36,0,0,
0,0,0,0,0,0,0,0,0,0,0,0,0,0,0,19,5,5,5,5,5,5,5,5,35,6,24,7,6,6,6,6,6,6,6,6,7,7,6,36,5,5,5,5,5,5,5,5,20,0,0,0,35,6,8,8,24,7,6,6,6,36,0,0,
0,0,0,0,0,0,0,0,0,0,0,0,0,0,0,19,5,5,5,5,5,5,5,5,35,6,24,24,6,6,6,24,24,24,6,6,7,7,6,36,5,5,5,5,5,5,5,5,67,84,84,84,66,6,6,6,6,6,6,6,6,36,0,0,
0,0,0,0,0,0,0,0,0,0,0,0,0,0,0,19,5,5,5,5,5,5,5,5,6,6,24,24,6,6,6,8,24,24,6,6,6,6,6,36,5,5,5,5,5,5,5,5,71,83,83,83,70,6,6,6,6,6,6,6,6,36,0,0,
0,0,0,0,0,0,0,0,0,0,0,0,0,0,0,19,5,5,5,5,5,5,5,5,6,6,6,6,6,6,6,8,24,24,6,6,6,6,6,6,5,5,5,5,5,5,5,5,20,0,0,0,35,6,6,6,6,6,6,6,6,36,0,0,
0,0,0,0,0,0,0,0,0,0,0,0,0,0,0,19,5,5,5,5,5,5,5,5,35,6,6,6,6,6,6,24,24,24,6,6,6,6,6,6,5,5,5,5,8,8,5,5,20,0,0,0,35,6,7,7,7,6,6,6,6,36,0,0,
0,0,0,0,0,0,0,0,0,0,0,0,0,0,0,19,5,5,5,5,5,5,5,5,35,6,6,6,6,6,6,24,24,8,6,6,7,24,6,36,5,5,5,8,24,8,5,5,20,0,0,0,35,6,7,24,7,6,6,6,6,36,0,0,
0,0,0,0,0,0,0,0,0,0,0,0,0,0,0,19,5,5,5,5,5,5,5,5,35,6,6,6,6,6,6,24,24,8,6,6,24,24,6,36,5,5,5,7,7,7,5,5,20,0,0,0,35,6,7,7,7,6,6,24,8,36,0,0,
0,0,0,0,0,0,0,0,0,0,0,0,0,0,0,19,5,5,5,5,5,5,5,5,35,6,6,6,6,6,6,24,24,24,6,6,24,24,6,36,5,5,5,5,5,5,5,5,20,0,0,0,35,6,6,6,6,6,6,24,6,36,0,0,
0,0,0,0,0,0,0,0,0,0,0,0,0,0,0,19,5,5,5,5,5,5,5,5,35,6,7,7,6,6,6,6,6,6,6,6,7,7,6,36,5,5,5,5,5,5,5,5,20,0,0,0,52,37,37,37,37,37,37,37,37,56,0,0,
0,0,0,0,0,0,0,0,0,0,0,0,0,0,0,19,5,5,5,5,5,5,5,5,35,6,24,7,6,6,6,6,6,6,6,6,6,6,6,36,5,5,5,5,5,5,5,5,20,0,0,0,0,0,0,0,0,0,39,39,0,0,0,0,
0,0,0,0,0,0,0,0,0,0,0,0,0,0,0,19,5,5,5,5,5,5,5,5,52,37,37,37,37,37,37,37,37,37,37,37,37,37,37,56,5,5,5,5,5,5,5,5,20,0,0,0,0,0,0,0,0,0,39,39,0,0,0,0,
0,0,0,0,0,0,0,0,0,0,0,0,0,0,0,19,5,5,5,5,5,5,5,5,5,5,5,5,5,5,5,5,5,5,5,5,5,5,5,5,5,5,5,5,5,5,5,5,20,0,0,0,0,0,0,0,0,0,39,39,0,0,0,0,
0,0,0,0,0,0,0,0,0,0,0,0,0,0,0,19,5,5,5,5,5,5,5,5,5,5,5,5,5,5,5,5,5,5,5,5,5,5,5,5,5,5,5,5,5,5,5,5,20,0,0,0,0,0,0,0,0,0,39,39,0,0,0,0,
0,0,0,0,0,0,0,0,0,0,0,0,0,0,0,19,5,5,24,24,5,5,5,5,5,5,5,5,5,5,5,5,5,5,5,5,5,5,5,5,5,5,5,5,7,8,8,5,20,0,0,0,0,0,0,0,0,0,39,39,0,0,0,0,
0,0,0,0,0,0,0,0,0,0,0,0,0,0,0,19,5,5,8,8,8,7,5,5,5,5,5,5,5,5,5,5,5,5,5,5,5,5,5,5,5,5,5,5,8,8,24,5,20,0,0,0,0,0,0,0,0,0,39,39,0,0,0,0,
0,0,0,0,0,0,0,0,0,0,0,0,0,0,0,19,5,5,8,7,7,8,5,5,5,5,5,5,5,5,5,5,5,5,5,5,5,5,5,5,5,5,5,5,24,24,8,5,20,0,0,0,0,0,0,0,0,0,39,39,0,0,0,0,
0,0,0,0,0,0,0,0,0,0,0,0,0,0,0,19,5,5,8,8,24,8,5,5,5,5,5,5,5,5,5,5,5,5,5,5,5,5,5,5,5,5,5,5,5,5,5,5,20,0,0,0,0,0,0,0,0,0,39,39,0,0,0,0,
0,0,0,0,0,0,0,0,0,0,0,0,0,0,0,19,5,5,5,5,5,5,5,5,5,5,5,5,5,5,5,5,5,5,5,5,5,5,5,5,5,5,5,5,5,5,5,5,20,0,0,0,0,0,0,0,0,0,39,39,0,0,0,0,
0,0,0,0,0,0,0,0,0,0,0,0,0,0,0,51,21,21,21,21,21,21,21,21,69,5,5,71,21,21,21,21,21,21,21,21,21,21,21,21,21,21,21,21,21,21,21,21,55,0,0,0,0,0,0,0,0,0,39,39,0,0,0,0,
0,0,0,0,0,0,0,0,0,0,0,0,0,0,0,0,0,0,0,0,0,0,0,0,81,7,7,82,0,0,0,0,0,0,0,0,0,0,0,0,0,0,0,0,0,0,0,0,0,0,0,0,0,0,0,0,0,0,39,39,0,0,0,0,
0,0,0,0,0,0,0,0,0,0,0,0,0,0,0,0,0,0,0,0,0,0,0,0,81,7,7,82,0,0,0,0,0,0,0,0,0,0,0,0,0,0,0,0,0,0,0,0,0,0,0,0,0,0,0,0,0,0,39,39,0,0,0,0,
0,0,0,0,0,0,0,0,0,0,0,0,0,0,0,0,0,0,0,0,0,0,0,0,81,7,7,82,0,0,0,0,0,0,0,0,0,0,0,0,0,0,0,0,0,0,0,0,0,0,0,0,0,0,0,0,0,0,39,39,0,0,0,0,
0,0,0,0,0,0,0,0,0,0,0,0,0,0,49,22,22,22,22,22,22,22,22,22,65,5,5,67,22,22,22,22,22,22,22,53,0,0,0,0,0,0,0,0,0,0,0,0,0,0,0,0,0,0,0,0,0,0,39,39,0,0,0,0,
0,0,0,0,0,0,0,0,0,0,0,0,0,0,19,5,5,5,5,5,5,5,5,5,5,5,5,5,5,5,5,5,5,5,5,20,0,0,0,0,0,0,0,0,0,0,0,0,0,0,0,0,0,0,0,0,0,0,39,39,0,0,0,0,
0,0,0,0,0,0,0,0,0,0,0,0,0,0,19,5,5,5,5,5,5,5,5,5,5,5,5,5,5,5,5,5,5,5,5,20,0,0,0,0,0,0,0,0,0,0,0,0,0,0,0,0,0,0,0,0,0,0,39,39,0,0,0,0,
0,0,0,0,0,0,0,0,0,0,0,0,0,0,19,5,5,5,5,5,5,5,5,5,5,5,5,5,5,5,5,5,5,5,5,20,0,0,0,50,38,38,38,38,38,38,38,38,38,38,38,38,38,38,38,38,38,38,38,38,38,54,0,0,
0,0,0,0,0,0,0,0,0,0,0,0,0,0,19,5,5,5,5,5,5,5,5,5,5,5,5,5,5,5,5,5,5,5,5,20,0,0,0,35,6,6,6,6,6,24,8,24,24,6,6,6,6,6,6,6,6,6,6,6,6,36,0,0,
0,0,0,0,0,0,0,0,0,0,0,0,0,0,19,5,5,5,5,5,5,5,5,24,8,5,5,5,5,5,5,5,5,5,5,20,0,0,0,35,6,6,6,6,6,7,7,24,24,6,6,6,6,6,6,6,6,7,24,6,6,36,0,0,
0,0,0,0,0,0,0,0,0,0,0,0,0,0,19,5,5,5,7,7,5,5,5,24,8,7,5,5,5,8,8,5,5,5,5,20,0,0,0,35,6,6,6,6,6,6,6,7,7,6,6,8,24,6,6,6,7,7,24,6,6,36,0,0,
0,0,0,0,0,0,0,0,0,0,0,0,0,0,19,5,5,5,8,24,5,5,5,24,8,7,5,5,5,24,8,7,7,5,5,67,7,7,7,66,6,6,6,6,6,6,6,6,6,6,6,8,8,6,6,6,7,24,24,6,6,36,0,0,
0,0,0,0,0,0,0,0,0,0,0,0,0,0,19,5,5,5,24,24,5,5,5,8,8,7,5,5,5,8,8,8,8,5,5,5,7,7,7,6,6,6,6,6,6,6,6,6,6,6,6,24,24,7,6,6,24,24,24,7,6,36,0,0,
0,0,0,0,0,0,0,0,0,0,0,0,0,0,19,5,5,5,24,8,5,5,5,8,8,7,5,5,5,8,24,24,8,5,5,71,7,7,7,70,6,6,24,24,24,24,6,6,6,6,6,6,7,7,6,7,24,24,24,7,6,36,0,0,
0,0,0,0,0,0,0,0,0,0,0,0,0,0,19,5,5,5,5,5,5,5,5,5,5,5,5,5,5,5,5,5,5,5,5,20,0,0,0,35,6,6,7,7,7,7,6,6,6,6,6,6,6,6,6,7,7,7,7,7,6,36,0,0,
0,0,0,0,0,0,0,0,0,0,0,0,0,0,19,5,5,5,5,5,5,5,5,5,5,5,5,5,5,5,5,5,5,5,5,20,0,0,0,35,6,6,6,6,6,6,6,6,6,6,6,6,6,6,6,6,6,6,6,6,6,36,0,0,
0,0,0,0,0,0,0,0,0,0,0,0,0,0,19,5,5,7,24,24,24,24,24,8,8,7,7,7,8,24,8,24,24,7,5,20,0,0,0,35,6,6,6,6,6,6,6,6,6,6,6,6,6,6,6,6,6,6,6,6,6,36,0,0,
0,0,0,0,0,0,0,0,0,0,0,0,0,0,19,5,5,5,5,5,5,5,5,5,5,5,5,5,5,5,5,5,5,5,5,20,0,0,0,52,37,37,37,37,37,37,37,37,37,37,37,37,37,37,37,37,37,37,37,37,37,56,0,0,
0,0,0,0,0,0,0,0,0,0,0,0,0,0,51,21,21,21,21,21,21,21,21,21,21,21,21,21,21,21,21,21,21,21,21,55,0,0,0,0,0,0,0,0,0,0,0,0,0,0,0,0,0,0,0,0,0,0,39,39,0,0,0,0
</data>
 </layer>
</map>
