<?xml version="1.0" encoding="UTF-8"?>
<map version="1.0" tiledversion="1.1.1" orientation="orthogonal" renderorder="right-down" width="32" height="32" tilewidth="16" tileheight="16" infinite="0" nextobjectid="1">
 <tileset firstgid="1" name="bettertileset" tilewidth="16" tileheight="16" tilecount="224" columns="16">
  <image source="Introduction_to_JS/bettertileset.png" width="256" height="224"/>
 </tileset>
 <tileset firstgid="225" name="TEST" tilewidth="16" tileheight="16" tilecount="224" columns="16">
  <image source="Introduction_to_JS/bettertileset.png" width="256" height="224"/>
 </tileset>
 <layer name="Calque de Tile 1" width="32" height="32">
  <data encoding="csv">
0,0,0,0,0,0,0,0,0,0,0,0,0,0,0,0,0,0,0,0,0,0,0,0,0,0,0,0,0,0,0,0,
0,0,0,0,0,0,0,0,0,0,0,0,0,0,0,0,0,0,0,0,0,0,0,0,0,0,0,0,0,0,0,0,
0,0,0,0,0,0,0,0,0,0,0,0,0,0,0,0,0,0,0,0,0,0,0,0,0,0,0,0,0,0,0,0,
0,0,0,0,0,0,0,0,0,0,0,0,0,0,0,0,0,0,0,0,0,0,0,0,0,0,0,0,0,0,0,0,
0,0,0,0,0,0,0,0,0,0,49,22,22,22,22,22,22,22,22,22,22,53,0,0,0,0,0,0,0,0,0,0,
0,0,0,0,0,0,0,0,0,0,19,5,5,5,5,5,5,5,5,5,5,20,0,0,0,0,0,0,0,0,0,0,
0,0,0,0,0,0,0,0,0,0,19,5,5,7,7,7,7,7,7,5,5,20,0,0,0,0,0,0,0,0,0,0,
0,0,0,0,0,0,0,0,0,0,19,5,5,7,7,7,7,7,7,5,5,20,0,0,0,0,0,0,0,0,0,0,
0,0,0,0,0,0,0,0,0,0,19,5,5,24,8,8,8,8,24,5,5,20,0,0,0,0,0,0,0,0,0,0,
0,0,0,0,0,0,0,0,0,0,19,5,5,5,5,5,5,5,5,5,5,20,0,0,0,0,0,0,0,0,0,0,
0,0,0,0,49,22,22,22,22,22,65,5,5,5,5,5,5,5,5,5,5,67,22,22,22,22,22,53,0,0,0,0,
0,0,0,0,19,5,5,5,5,5,5,5,5,5,5,5,5,5,5,5,5,5,5,5,5,5,5,20,0,0,0,0,
0,0,0,0,19,5,7,7,24,5,5,5,5,5,24,8,8,24,5,5,5,5,5,24,7,7,5,20,0,0,0,0,
0,0,0,0,19,5,7,7,8,5,5,5,5,5,8,24,24,8,5,5,5,5,5,8,7,7,5,20,0,0,0,0,
0,0,0,0,19,5,7,7,24,5,5,5,5,5,24,8,8,24,5,5,5,5,5,24,7,7,5,20,0,0,0,0,
0,0,0,0,19,5,5,5,5,5,5,5,5,5,5,5,5,5,5,5,5,5,5,5,5,5,5,20,0,0,0,0,
0,0,0,0,51,21,21,21,21,21,69,5,5,5,5,5,5,5,5,5,5,71,21,21,21,21,21,55,0,0,0,0,
0,0,0,0,0,0,0,0,0,0,19,5,5,5,5,5,5,5,5,5,5,20,0,0,0,0,0,0,0,0,0,0,
0,0,0,0,0,0,0,0,0,0,19,5,5,24,8,8,8,8,24,5,5,20,0,0,0,0,0,0,0,0,0,0,
0,0,0,0,0,0,0,0,0,0,19,5,5,7,7,7,7,7,7,5,5,20,0,0,0,0,0,0,0,0,0,0,
0,0,0,0,0,0,0,0,0,0,19,5,5,7,7,7,7,7,7,5,5,20,0,0,0,0,0,0,0,0,0,0,
0,0,0,0,0,0,0,0,0,0,19,5,5,5,5,5,5,5,5,5,5,20,0,0,0,0,0,0,0,0,0,0,
0,0,0,0,0,0,0,0,0,0,51,21,21,21,21,21,21,21,21,21,21,55,0,0,0,0,0,0,0,0,0,0,
0,0,0,0,0,0,0,0,39,39,39,39,39,39,39,39,39,39,39,39,39,39,39,39,39,39,39,0,0,0,0,0,
0,0,0,0,0,0,0,0,39,39,39,39,39,39,39,39,39,39,39,39,39,39,39,39,39,39,39,0,0,0,0,0,
0,0,0,0,0,0,0,0,39,39,39,39,39,39,39,39,39,39,39,39,39,39,39,39,39,39,39,0,0,0,0,0,
0,0,0,0,0,0,0,0,0,0,0,0,0,0,0,0,0,0,0,0,0,0,0,0,0,0,0,0,0,0,0,0,
0,0,0,0,0,0,0,0,0,0,0,0,0,0,0,0,0,0,0,0,0,0,0,0,0,0,0,0,0,0,0,0,
0,0,0,0,0,0,0,0,0,0,0,0,0,0,0,0,0,0,0,0,0,0,0,0,0,0,0,0,0,0,0,0,
0,0,0,0,0,0,0,0,0,0,0,0,0,0,0,0,0,0,0,0,0,0,0,0,0,0,0,0,0,0,0,0,
0,0,0,0,0,0,0,0,0,0,0,0,0,0,0,0,0,0,0,0,0,0,0,0,0,0,0,0,0,0,0,0,
0,0,0,0,0,0,0,0,0,0,0,0,0,0,0,0,0,0,0,0,0,0,0,0,0,0,0,0,0,0,0,0
</data>
 </layer>
</map>
